15 45 16 46 
16 46 17 46 
17 46 18 46 
18 46 19 46 
19 46 23 45 
23 45 28 45 
28 45 35 44 
35 44 42 44 
42 44 47 43 
47 43 48 43 
48 43 49 43 
49 43 50 43 
35 17 36 18 
36 18 36 19 
36 19 37 21 
37 21 37 22 
37 22 37 31 
37 31 37 52 
37 52 37 76 
37 76 37 96 
37 96 37 105 
37 105 36 111 
36 111 34 112 
34 112 32 111 
32 111 31 109 
31 109 29 108 
36 47 33 56 
33 56 29 64 
29 64 26 71 
26 71 21 78 
21 78 16 86 
39 56 41 57 
41 57 43 60 
43 60 45 62 
45 62 47 65 
47 65 49 67 
54 31 55 31 
55 31 56 31 
56 31 57 31 
57 31 58 31 
58 31 65 31 
65 31 75 30 
75 30 85 29 
85 29 95 28 
95 28 103 28 
103 28 104 28 
104 28 105 28 
105 28 106 28 
106 28 107 28 
64 16 65 17 
65 17 66 18 
66 18 66 19 
66 19 67 20 
67 20 67 21 
67 21 67 25 
67 25 67 30 
67 30 67 35 
67 35 68 41 
68 41 68 47 
89 13 90 13 
90 13 90 14 
90 14 90 15 
90 15 91 17 
91 17 90 22 
90 22 90 27 
90 27 89 33 
89 33 89 39 
89 39 88 46 
50 49 51 50 
51 50 52 50 
52 50 54 50 
54 50 55 50 
55 50 56 50 
56 50 64 49 
64 49 74 48 
74 48 85 46 
85 46 97 46 
97 46 106 45 
106 45 108 45 
108 45 109 45 
109 45 110 45 
110 45 111 46 
111 46 112 46 
56 60 57 60 
57 60 57 61 
57 61 58 62 
58 62 58 63 
58 63 58 67 
58 67 59 72 
59 72 60 78 
60 78 60 85 
60 85 61 91 
59 61 67 60 
67 60 76 59 
76 59 85 58 
85 58 93 57 
93 57 98 57 
98 57 100 57 
100 57 102 58 
102 58 103 59 
103 59 103 60 
103 60 103 64 
103 64 102 69 
102 69 102 75 
102 75 101 80 
101 80 100 86 
77 49 77 50 
77 50 78 50 
78 50 78 51 
78 51 79 52 
79 52 79 59 
79 59 79 68 
79 68 79 76 
79 76 79 82 
79 82 79 86 
60 74 66 74 
66 74 71 73 
71 73 76 72 
76 72 82 72 
82 72 87 71 
87 71 88 71 
88 71 89 71 
89 71 90 71 
62 89 69 88 
69 88 76 87 
76 87 84 86 
84 86 92 86 
92 86 100 85 
70 93 70 94 
70 94 70 95 
70 95 68 98 
68 98 66 101 
66 101 62 105 
62 105 57 108 
57 108 51 112 
88 96 92 99 
92 99 97 102 
97 102 101 105 
101 105 105 109 
105 109 106 112 